20
170819897
0 1 0 0 1 1 1 1 0 1
1 1 0 0 1 1 0 1 1 0
0 0 0 0 0 0 1 1 1 0
0 0 0 1 0 0 0 1 1 0
1 1 0 0 0 0 0 1 0 1
1 1 0 0 0 0 1 0 1 1
1 0 1 0 0 1 1 0 0 0
1 1 1 1 1 0 0 0 0 1
0 1 1 1 0 1 0 0 0 0
1 0 0 0 1 1 0 1 0 1
857278731
1 1 0 1 1 1 0 0 0 1
1 0 1 0 0 1 0 0 1 1
0 1 0 1 1 1 1 1 1 0
1 0 1 1 0 0 0 0 1 1
1 0 1 0 1 0 0 0 1 1
1 1 1 0 0 0 0 0 0 0
0 0 1 0 0 0 1 0 1 0
0 0 1 0 0 0 0 0 0 1
0 1 1 1 1 0 1 0 0 0
1 1 0 1 1 0 0 1 0 0
5
0 1 0 0 1 1 0 0 1 1
1 1 0 0 1 1 0 0 0 0
0 0 0 0 1 1 0 0 1 1
0 0 0 0 1 1 0 0 1 0
1 1 1 1 0 0 0 1 0 0
1 1 1 1 0 1 0 0 1 0
0 0 0 0 0 0 0 0 1 1
0 0 0 0 1 0 0 0 1 1
1 0 1 1 0 1 1 1 0 1
1 0 1 0 0 0 1 1 1 1
2776630296979843
0 1 0 1 1 1 0 0 0 1
1 1 0 1 1 0 0 1 0 1
0 0 0 0 0 0 0 1 0 0
1 1 0 0 0 0 0 1 1 0
1 1 0 0 1 0 1 1 0 1
1 0 0 0 0 1 0 1 1 1
0 0 0 0 1 0 1 0 0 1
0 1 1 1 1 1 0 0 0 0
0 0 0 1 0 1 0 0 0 1
1 1 0 0 1 1 1 0 1 1
5872607183332368
1 1 0 0 0 1 1 1 1 1
1 0 0 0 0 0 0 0 0 0
0 0 0 0 1 0 0 0 1 1
0 0 0 0 0 1 1 0 1 1
0 0 1 0 0 0 0 0 0 1
1 0 0 1 0 1 0 0 0 1
1 0 0 1 0 0 0 1 0 1
1 0 0 0 0 0 1 0 1 0
1 0 1 1 0 0 0 1 0 0
1 0 1 1 1 1 1 0 0 0
890586967
1 1 0 1 1 1 0 0 1 1
1 0 1 1 1 0 0 1 0 1
0 1 1 1 1 1 1 1 0 1
1 1 1 0 1 0 0 0 1 1
1 1 1 1 0 1 0 1 1 1
1 0 1 0 1 0 1 0 0 0
0 0 1 0 0 1 0 1 1 1
0 1 1 0 1 0 1 1 1 1
1 0 0 1 1 0 1 1 0 1
1 1 1 1 1 0 1 1 1 0
273502804
1 0 1 0 1 0 1 0 0 1
0 0 1 1 0 1 0 1 0 1
1 1 0 0 0 0 1 0 1 0
0 1 0 0 1 0 0 1 1 1
1 0 0 1 1 1 1 1 0 0
0 1 0 0 1 1 1 0 0 1
1 0 1 0 1 1 0 1 0 0
0 1 0 1 1 0 1 0 0 1
0 0 1 1 0 0 0 0 1 0
1 1 0 1 0 1 0 1 0 0
27797272487970048
0 0 1 1 1 0 1 0 0 1
0 1 0 0 0 0 1 1 0 1
1 0 0 1 1 0 1 0 0 0
1 0 1 1 0 0 1 1 1 1
1 0 1 0 0 1 1 1 0 1
0 0 0 0 1 1 1 0 0 0
1 1 1 1 1 1 0 0 1 1
0 1 0 1 1 0 0 1 1 0
0 0 0 1 0 0 1 1 0 1
1 1 0 1 1 0 1 0 1 0
321282054
0 1 1 0 1 1 0 1 1 1
1 1 1 1 1 0 0 1 0 1
1 1 1 0 1 1 0 1 1 1
0 1 0 0 0 0 0 0 0 1
1 1 1 0 1 0 1 0 1 1
1 0 1 0 0 0 0 0 1 0
0 0 0 0 1 0 0 0 1 1
1 1 1 0 0 0 0 0 0 1
1 0 1 0 1 1 1 0 0 1
1 1 1 1 1 0 1 1 1 1
44938450563019504
1 1 1 1 1 0 0 1 0 0
1 0 1 0 0 0 0 0 1 1
1 1 0 1 0 1 1 1 1 0
1 0 1 1 1 1 1 0 1 1
1 0 0 1 0 0 0 0 0 0
0 0 1 1 0 1 0 0 1 1
0 0 1 1 0 0 0 0 0 1
1 0 1 0 0 0 0 0 1 1
0 1 1 1 0 1 0 1 0 0
0 1 0 1 0 1 1 1 0 0
55783968264174720
0 1 1 1 1 0 0 1 1 1
1 0 0 0 0 0 0 0 1 1
1 0 0 1 0 1 1 1 1 1
1 0 1 1 0 0 0 1 0 0
1 0 0 0 1 0 1 1 0 0
0 0 1 0 0 1 1 1 0 1
0 0 1 0 1 1 1 1 1 1
1 0 1 1 1 1 1 0 0 0
1 1 1 0 0 0 1 0 1 0
1 1 1 0 0 1 1 0 0 0
4
0 1 1 0 0 1 1 1 1 1
1 0 0 1 0 0 0 1 1 1
1 0 0 1 1 1 0 1 0 1
0 1 1 1 1 0 0 0 0 1
0 0 1 1 0 1 1 0 1 0
1 0 1 0 1 0 1 1 0 1
1 0 0 0 1 1 1 0 0 0
1 1 1 0 0 1 0 1 0 1
1 1 0 0 1 0 0 0 0 1
1 1 1 1 0 1 0 1 1 0
91593367258335312
0 1 0 1 0 0 1 1 1 0
1 0 0 0 0 0 1 1 1 0
0 0 0 1 0 1 0 0 0 1
1 0 1 0 0 1 0 0 0 1
0 0 0 0 1 0 1 0 0 1
0 0 1 1 0 0 0 0 1 0
1 1 0 0 1 0 0 1 0 1
1 1 0 0 0 0 1 0 1 0
1 1 0 0 0 1 0 1 0 0
0 0 1 1 1 0 1 0 0 1
971557618
1 0 0 0 1 0 0 1 0 0
0 0 1 1 0 0 1 1 1 1
0 1 0 0 0 0 1 0 0 0
0 1 0 1 1 1 0 1 1 1
1 0 0 1 1 0 1 0 1 0
0 0 0 1 0 0 0 1 1 0
0 1 1 0 1 0 1 1 1 0
1 1 0 1 0 1 1 0 0 0
0 1 0 1 1 1 1 0 1 0
0 1 0 1 0 0 0 0 0 0
37282030685187840
1 1 1 1 0 0 0 1 0 0
1 1 0 1 1 1 0 1 0 1
1 0 0 1 1 1 1 1 0 1
1 1 1 0 0 1 1 0 0 1
0 1 1 0 0 1 0 0 1 1
0 1 1 1 1 0 0 1 1 1
0 0 1 1 0 0 1 1 0 0
1 1 1 0 0 1 1 0 1 0
0 0 0 0 1 1 0 1 0 0
0 1 1 1 1 1 0 0 0 1
26505791064994400
1 0 0 0 0 0 1 1 0 1
0 0 0 0 0 1 0 0 0 0
0 0 1 1 1 1 0 1 0 1
0 0 1 0 0 0 0 0 1 0
0 0 1 0 1 1 0 1 0 1
0 1 1 0 1 0 0 0 1 0
1 0 0 0 0 0 0 1 1 0
1 0 1 0 1 0 1 0 0 0
0 0 0 1 0 1 1 0 1 0
1 0 1 0 1 0 0 0 0 0
33641610683360192
0 1 1 1 1 1 1 0 0 0
1 1 0 0 1 0 1 0 0 1
1 0 0 0 0 1 0 1 0 0
1 0 0 0 1 0 1 1 1 1
1 1 0 1 0 1 1 1 0 1
1 0 1 0 1 1 1 0 1 1
1 1 0 1 1 1 0 1 0 0
0 0 1 1 1 0 1 0 0 0
0 0 0 1 0 1 0 0 0 1
0 1 0 1 1 1 0 0 1 1
86063113022799184
0 0 1 1 0 1 0 1 1 0
0 1 0 0 0 0 1 1 1 0
1 0 0 0 0 1 1 0 1 1
1 0 0 0 1 0 1 0 1 1
0 0 0 1 0 0 1 1 1 0
1 0 1 0 0 1 1 0 0 0
0 1 1 1 1 1 1 1 0 0
1 1 0 0 1 0 1 0 0 1
1 1 1 1 1 0 0 0 0 0
0 0 1 1 0 0 0 1 0 0
1
1 0 1 0 1 0 1 0 0 1
0 0 1 1 0 1 0 1 0 1
1 1 0 0 0 0 1 0 1 0
0 1 0 0 1 0 0 1 1 1
1 0 0 1 1 1 1 1 0 0
0 1 0 0 1 1 1 0 0 1
1 0 1 0 1 1 0 1 0 0
0 1 0 1 1 0 1 0 0 1
0 0 1 1 0 0 0 0 1 0
1 1 0 1 0 1 0 1 0 0
8
0 0 0 1 0 0 1 1 1 0
0 0 0 0 1 1 0 0 1 1
0 0 1 1 0 1 1 0 1 1
1 0 1 0 1 0 0 1 1 1
0 1 0 1 0 1 1 0 1 1
0 1 1 0 1 0 1 1 1 0
1 0 1 0 1 1 0 1 1 0
1 0 0 1 0 1 1 0 1 1
1 1 1 1 1 1 1 1 0 0
0 1 1 1 1 0 0 1 0 0
