20
39843 39881 20522 20114 3 11897 5279 74 89 96 58
36402 39273 278 35 1000000 11371 25106 51 98 33 54
39491 39608 20414 20014 3 22564 17425 7 17 95 40
38095 39579 180 6 1507 11485 32227 86 32 39 26
1078 5052 143 146 1000000 857 568 15 20 2 7
24576 30148 1171 1922 740 19787 13047 34 74 34 11
703 687 125 343 321 68 78 38 8 2 66
192 223 29 170 28 25 108 89 74 40 51
5726 4567 144 121 1000000 454 3685 99 81 46 52
21995 37911 1150 1245 833 47 23529 19 74 87 95
9883 7515 100 76 1000000 9567 1921 35 86 77 52
35728 35276 139 460 1000000 14745 27690 33 97 8 69
37637 35252 131 4 1326 1844 2265 72 38 3 79
4 4 1 1 3 1 1 2 2 2 2
20133 29990 1305 1623 603 7664 19517 81 90 36 9
196 827 117 730 108 131 477 41 72 11 66
28557 13495 1138 1991 385 23252 10801 56 19 77 36
4 4 2 2 1 0 2 1 2 3 4
4886 4367 95 87 1000000 3493 4363 2 66 19 64
35277 38250 2 199 1349 28136 16549 49 90 40 96