20
4 2 2 2 2
4 0 0 0 1
80 142 71 22 105 193 79 111 28 128 197 200 45 132 37 149 51 89 136 103 176 198 44 36 6 107 92 167 164 171 70 230 166 244 104 123 187 183 234 67 62 181 17 209 165 156 108 69 245 245 172 171 45 69 59 51 176 152 71 90 175 243 172 91 89 27 66 128 62 50 196 124 83 213 186 249 120 44 68 115 141
25 26 10 4 28 18 18 9 27 17 6 14 3 0 23 20 29 22 5 4 0 5 29 14 16 9
80 115 247 171 26 19 218 201 203 153 183 157 209 228 56 47 220 84 58 84 198 241 126 148 215 52 171 189 59 6 10 16 224 109 39 0 128 109 53 81 114 88 239 176 67 147 223 37 231 32 122 31 125 100 179 90 4 100 131 63 107 244 181 81 103 220 183 232 181 237 165 46 75 154 222 142 51 47 32 134 181
100 396 393 391 392 390 396 395 391 399 394 394 396 398 391 390 398 391 392 399 398 398 396 398 392 390 392 394 399 398 391 395 396 394 396 398 396 393 395 397 394 392 394 390 392 397 392 390 391 396 391 399 394 399 399 396 399 394 392 390 392 393 396 398 399 392 398 396 397 393 395 393 395 399 395 399 397 399 399 390 395 392 391 390 392 390 396 393 396 399 394 398 394 390 398 394 394 398 392 394 392
3 0 0 0
25 11 17 28 5 17 24 1 8 25 29 7 15 13 8 8 3 21 18 9 26 4 13 13 23 8
80 111 83 101 112 50 6 138 167 114 239 32 154 104 125 179 141 162 38 219 136 170 206 94 10 149 64 215 64 76 136 183 39 219 35 152 121 143 40 39 109 131 173 14 235 48 45 127 63 83 198 199 105 155 43 218 156 210 183 73 36 171 108 177 140 245 181 11 240 73 50 100 204 75 114 42 124 159 169 39 94
50 39 2 28 3 0 81 47 38 59 51 35 34 39 92 15 27 4 29 49 64 85 29 43 35 77 0 38 71 49 89 67 88 92 95 43 44 29 90 82 40 41 69 26 32 61 42 60 17 23 61
8 2 0 2 3 7 5 9 2
2 1 1
100 358 386 398 355 363 394 380 371 397 357 358 350 378 379 357 358 353 379 357 372 375 360 352 354 358 390 376 352 386 385 356 396 373 354 351 387 351 383 360 398 392 369 350 371 350 358 381 356 387 388 378 362 351 383 368 359 373 395 364 361 382 372 357 357 379 361 394 380 394 357 378 387 376 378 360 378 386 391 384 375 382 365 389 383 398 358 394 373 355 360 385 389 383 394 396 362 355 393 392 350
2 1 2
100 130 22 34 85 108 94 180 108 244 2 345 184 122 287 125 157 135 202 92 148 296 186 330 40 49 251 112 156 389 54 48 72 28 82 157 88 176 337 197 20 339 94 205 14 382 282 123 69 36 215 217 284 353 99 324 354 350 36 110 292 42 158 364 23 241 121 111 369 10 260 390 302 355 147 316 289 381 39 358 17 206 175 301 111 274 178 65 177 166 176 69 161 334 33 136 127 106 199 97 116
8 9 3 1 9 4 7 8 4
100 181 326 50 362 228 278 264 379 358 53 144 234 369 311 177 105 257 136 342 34 72 165 395 110 65 232 249 307 267 376 358 1 302 360 363 82 238 227 14 196 233 158 30 154 69 207 259 327 295 201 313 367 318 260 29 335 92 231 243 312 207 153 313 62 113 228 96 351 56 110 99 241 269 81 395 290 289 254 169 136 8 82 104 326 295 133 214 387 364 57 251 124 210 164 138 323 393 234 226 1
100 152 12 104 207 159 158 125 94 317 158 236 290 360 226 214 173 337 65 148 221 220 209 63 200 232 386 4 233 258 356 127 10 368 231 169 128 341 246 174 258 5 10 101 365 189 267 90 126 332 238 299 105 0 362 257 232 348 261 17 207 169 97 169 138 328 339 218 270 185 392 80 142 354 133 107 143 0 150 221 285 388 120 390 340 34 247 125 383 61 94 142 230 191 263 320 120 154 138 342 292
80 219 238 51 226 133 19 133 93 54 206 231 225 166 11 217 162 192 229 152 118 131 2 174 207 218 216 183 127 237 222 73 207 62 125 183 47 246 168 141 153 226 224 230 143 235 198 55 30 29 59 148 160 62 174 219 30 141 152 10 230 226 83 39 140 208 223 188 57 243 181 210 220 155 190 113 141 138 20 171 167
50 22 94 73 47 31 62 82 90 92 91 57 15 21 57 74 91 47 51 31 21 37 40 54 30 98 25 81 16 16 2 31 39 96 4 38 80 18 21 70 62 12 79 77 85 36 4 76 83 7 59
